--A
000000
011110
010010
011110
010010
010010
000000
--B
000000
011100
010010
011100
010010
011100
000000
--C
000000
011110
010000
010000
010000
011110
000000
--D
000000
011100
010010
010010
010010
011100
000000
--E
000000
011110
010000
011100
010000
011110
000000
--F
000000
011110
010000
011100
010000
010000
000000
--G
000000
011110
010000
010110
010010
011110
000000
--H
000000
010010
010010
011110
010010
010010
000000
--I
000000
011100
001000
001000
001000
011100
000000
--J
000000
011110
000100
000100
010100
011100
000000
--K
000000
010010
010100
011000
010100
010010
000000
--L
000000
010000
010000
010000
010000
011110
000000
--M
000000
011111
010101
010101
010001
010001
000000
--N
000000
010010
011010
010110
010110
010010
000000
--O
000000
011110
010010
010010
010010
011110
000000
--P
000000
011110
010010
011110
010000
010000
000000
--Q
000000
011110
010010
010110
011110
000001
000000
--R
000000
011100
010010
011100
010100
010010
000000
--S
000000
011110
010000
011110
000010
011110
000000
--T
000000
011111
000100
000100
000100
000100
000000
--U
000000
010010
010010
010010
010010
001100
000000
--V
000000
010001
010001
001010
001010
000100
000000
--W
000000
010001
010001
010101
010101
001110
000000
--X
000000
010001
001010
000100
001010
010001
000000
--Y
000000
010001
001010
001100
000100
000100
000000
--Z
000000
011111
000010
000100
001000
011111
000000

